1000
943 465 256 589
980 826 505 706
336 191 63 107
309 760 609 106
372 341 411 975
85 30 846 789
836 775 295 536
964 322 671 858
576 493 627 191
208 53 588 501
657 171 841 847
584 766 908 372
304 177 779 691
122 463 40 530
172 996 339 128
509 422 438 464
96 972 929 295
431 565 319 303
938 389 8 109
0 859 497 807
70 102 497 434
518 641 598 611
409 956 439 253
487 214 315 491
326 232 442 558
482 899 49 945
876 253 764 251
742 288 896 580
430 99 343 692
697 181 863 120
258 567 677 255
595 641 430 516
659 608 510 836
912 750 884 611
271 251 374 602
714 691 305 444
249 928 996 224
876 394 397 105
376 587 268 213
248 39 591 771
734 284 77 489
602 511 839 141
330 648 468 226
379 638 676 36
567 894 199 224
295 216 975 198
827 322 259 480
423 745 358 536
760 221 919 613
920 965 914 726
206 251 511 458
690 161 409 351
599 380 994 690
218 583 821 614
778 619 996 840
352 718 971 747
889 690 413 807
489 896 325 680
154 716 32 372
926 451 353 268
666 546 788 358
699 824 375 763
341 639 958 885
290 383 887 227
912 276 997 176
262 712 504 897
839 244 157 238
88 628 570 250
495 400 357 398
749 426 525 99
734 85 689 639
517 554 312 386
493 105 945 793
910 750 332 698
333 274 847 137
735 508 110 418
991 727 5 553
6 110 912 967
882 509 565 397
107 745 832 518
473 619 663 463
666 41 135 219
579 398 663 349
916 300 931 476
929 86 404 230
527 218 854 366
284 935 562 960
617 932 85 504
100 569 321 37
17 314 458 251
466 217 996 657
239 675 747 16
727 654 290 646
231 328 352 346
914 540 720 96
170 481 857 111
725 252 221 794
476 455 365 940
985 106 533 583
567 233 484 750
974 614 767 449
222 408 695 609
316 971 448 309
139 458 914 997
413 275 269 285
579 282 529 780
305 289 868 381
788 735 752 741
136 230 4 95
238 121 81 748
515 493 448 911
159 319 242 400
564 22 896 799
421 307 908 388
233 535 888 580
816 403 142 175
853 310 999 471
429 58 160 171
871 376 25 110
420 750 272 681
753 726 438 896
282 432 912 36
218 155 545 676
816 88 693 586
404 975 121 739
275 742 562 710
919 974 620 921
370 369 652 624
196 162 991 568
75 27 395 580
883 541 927 901
519 635 895 935
942 888 267 793
49 850 137 13
68 951 431 329
482 647 13 525
54 114 555 614
896 388 895 227
957 861 186 758
907 750 987 997
562 257 467 266
742 296 179 615
437 745 27 54
484 593 901 408
55 750 194 36
168 737 235 842
112 828 306 953
988 368 889 902
697 139 587 62
907 616 202 173
715 878 809 856
895 70 611 576
638 711 36 568
572 228 151 873
123 769 103 460
27 586 737 200
259 597 786 52
352 40 165 463
533 414 544 158
260 638 888 991
884 20 577 219
812 172 58 656
710 253 993 760
80 195 883 796
495 775 359 78
676 266 780 381
932 959 295 194
915 785 922 499
976 710 609 965
847 578 662 415
467 926 224 533
226 147 128 642
62 362 668 250
504 613 671 175
56 203 960 394
914 464 658 764
43 355 60 822
197 149 578 422
624 518 108 498
801 90 254 418
23 124 904 953
715 866 446 212
992 377 570 231
644 250 952 108
853 613 155 469
871 981 870 372
357 997 326 577
471 65 494 852
851 840 91 235
446 504 161 982
468 26 917 609
207 183 877 970
813 452 484 627
669 402 355 314
411 946 620 192
82 343 528 23
657 363 853 720
161 399 624 859
318 701 697 471
804 232 255 373
971 615 937 520
414 597 527 184
777 725 104 272
578 356 21 204
194 631 646 463
43 351 787 36
83 338 670 731
586 292 591 462
321 926 768 572
955 517 867 734
248 774 416 249
160 929 83 947
621 587 990 25
836 625 355 896
414 345 428 35
33 187 606 805
420 985 67 247
396 203 303 372
328 541 102 522
283 885 44 228
739 24 541 238
542 644 14 105
365 515 627 304
347 902 235 18
311 240 752 977
399 461 980 393
928 555 233 229
428 440 447 143
524 740 251 902
950 760 597 517
168 879 59 194
286 884 93 372
136 916 809 161
351 725 720 142
297 192 248 776
635 971 515 371
287 385 904 553
343 22 225 573
928 318 45 561
634 509 318 493
447 781 357 240
962 355 868 387
626 298 653 772
663 549 226 713
821 383 885 231
790 869 160 65
389 718 807 300
200 778 957 123
669 681 44 854
433 173 913 16
516 339 87 865
833 710 235 857
253 237 176 479
158 973 420 441
702 585 330 45
279 690 274 127
706 242 654 915
987 397 630 733
671 554 950 671
488 614 950 611
120 459 826 42
565 631 467 733
428 431 503 394
729 637 284 488
493 935 35 70
409 707 938 666
738 496 546 310
229 654 691 367
901 945 484 704
387 370 215 860
534 846 508 220
427 707 149 312
214 9 99 705
202 941 743 758
469 796 707 101
680 77 762 941
413 64 860 217
561 110 559 95
93 200 363 594
743 149 316 54
159 254 126 938
199 869 932 378
561 94 169 405
256 668 915 196
416 30 36 837
279 236 843 598
120 941 682 630
373 906 609 289
21 777 228 394
951 954 305 710
582 110 196 318
629 530 654 653
773 606 387 555
988 522 395 113
272 827 451 406
501 619 141 714
371 759 349 433
571 53 646 826
507 877 652 672
496 535 627 720
60 629 424 332
697 675 455 272
77 396 413 971
566 551 702 913
719 162 266 150
195 21 491 917
953 970 2 266
577 411 770 621
959 949 189 168
901 628 15 594
238 495 984 182
568 198 765 53
449 25 585 915
446 570 288 65
175 509 772 174
151 887 164 467
787 493 625 263
657 711 283 417
331 285 340 92
532 216 322 960
586 396 515 294
276 876 933 164
606 695 860 970
451 546 871 28
43 502 436 857
741 179 379 499
878 5 793 728
970 190 278 504
562 940 329 896
359 44 842 999
318 503 224 663
805 740 940 118
860 527 230 853
256 449 175 417
500 135 719 384
185 167 287 518
984 328 897 761
157 873 575 10
254 757 658 837
491 910 100 978
17 128 911 733
562 935 759 402
232 539 326 630
274 51 919 882
565 80 693 969
926 788 212 684
535 290 552 972
656 495 61 432
464 713 983 175
508 911 900 272
280 554 190 464
588 979 260 364
192 957 252 567
947 211 514 703
920 245 364 891
858 327 217 191
490 235 15 596
38 113 116 497
188 899 183 159
504 782 544 619
394 566 709 877
987 192 687 793
577 846 917 83
522 167 943 553
94 189 941 684
47 203 840 134
981 303 777 490
653 684 522 121
338 595 266 417
607 243 693 107
548 630 98 76
791 238 598 236
916 152 530 94
760 775 489 127
787 36 813 203
228 838 858 764
369 972 490 748
391 34 170 613
815 372 397 598
370 156 456 545
470 242 614 219
121 349 461 772
605 221 889 312
677 858 735 29
935 242 245 862
482 935 976 935
698 464 597 649
450 234 772 368
905 589 394 492
401 603 70 717
148 983 279 266
471 755 251 516
427 956 531 558
209 242 949 816
230 610 386 733
784 710 250 17
88 473 596 7
592 451 147 801
463 300 781 89
338 998 717 944
342 515 644 70
531 641 75 817
547 755 980 785
843 523 346 155
449 876 854 668
15 661 436 377
543 690 565 469
568 221 429 923
119 558 480 668
593 822 393 922
192 458 195 318
196 998 428 32
364 400 95 349
478 767 896 989
19 684 93 902
934 983 363 643
839 109 767 593
98 328 319 467
885 824 216 276
363 161 616 550
618 189 78 656
44 395 473 533
164 191 735 83
7 773 248 417
685 200 833 589
543 704 557 140
452 964 521 875
191 499 942 734
867 929 701 471
874 936 326 489
122 365 618 213
377 5 722 213
786 408 303 135
912 349 187 517
659 606 191 531
17 892 191 424
406 854 619 104
79 871 295 760
980 438 6 228
660 561 946 583
909 156 703 681
748 663 577 757
378 254 138 699
968 149 593 651
476 275 392 444
796 446 436 68
466 952 458 800
729 713 224 430
463 876 90 945
316 670 7 909
658 725 875 572
197 5 597 729
420 817 644 42
257 768 789 19
181 229 440 641
480 427 381 83
264 849 121 920
207 91 973 677
954 378 976 310
879 429 100 928
759 879 295 492
877 170 843 342
133 436 175 894
136 833 151 918
999 362 50 494
270 109 723 45
827 885 387 577
679 243 212 569
885 173 401 352
168 150 532 884
506 750 24 744
106 523 24 735
533 319 199 667
608 301 186 189
781 463 346 541
589 737 31 860
597 955 82 687
363 131 545 847
355 193 641 807
661 479 166 918
137 865 487 334
886 937 968 868
959 407 463 337
856 895 563 128
639 330 826 297
254 465 715 549
376 799 819 507
258 383 731 971
956 991 433 433
720 683 198 731
378 789 409 606
216 859 570 823
324 409 649 254
120 201 160 199
442 448 878 700
216 379 318 285
773 465 623 866
589 203 685 10
229 529 224 493
966 703 259 279
908 384 936 293
570 778 146 589
65 563 274 817
808 465 743 605
317 136 472 810
693 783 683 825
345 20 476 108
426 426 822 881
54 992 437 496
163 868 919 167
628 344 528 188
98 875 269 795
652 395 764 409
26 641 202 184
966 805 636 835
172 725 595 973
299 280 665 605
788 768 481 965
459 839 990 179
709 536 146 71
321 178 811 310
65 225 161 679
435 669 474 28
570 455 201 179
355 841 37 405
589 5 974 902
992 873 614 431
753 1 69 305
669 501 829 131
621 373 999 21
576 475 590 541
479 168 178 546
805 577 32 880
733 499 64 251
833 581 182 248
600 285 950 184
287 925 330 526
987 87 302 43
14 631 950 967
81 576 46 475
641 706 193 53
181 635 558 404
230 643 776 741
943 332 381 53
336 785 658 352
254 830 405 233
853 625 819 634
280 856 539 487
496 755 202 382
612 419 552 641
840 51 147 760
969 246 474 608
919 266 757 969
996 995 92 127
68 954 61 142
310 343 306 452
178 493 498 129
35 862 286 826
191 646 39 583
116 364 254 433
13 94 940 240
117 133 899 684
508 193 908 291
352 766 283 362
134 839 192 527
945 593 752 710
986 740 867 835
384 109 727 928
770 7 509 999
243 492 738 450
964 999 889 152
689 851 318 99
917 953 926 8
167 942 158 167
337 491 809 36
798 441 582 684
981 125 977 580
555 248 41 855
333 802 130 766
318 720 708 661
22 308 939 44
708 700 624 419
693 909 408 745
870 177 28 575
310 574 81 592
263 738 224 684
687 580 593 213
802 653 267 865
354 454 303 610
441 515 22 579
982 705 576 260
671 828 951 663
598 28 459 75
295 761 79 841
737 389 836 5
955 392 189 951
688 722 458 115
190 804 209 342
236 744 753 611
530 602 153 597
325 471 585 109
443 510 455 117
603 827 485 694
617 611 720 511
441 517 140 776
106 70 415 294
126 128 747 335
798 868 488 144
378 733 226 509
682 639 342 890
47 40 994 31
653 910 486 721
205 793 918 7
830 586 929 905
732 811 199 936
84 689 190 194
286 656 517 61
84 966 485 190
234 251 957 810
951 279 630 412
443 277 494 728
561 246 184 0
311 521 347 958
555 57 242 985
985 392 196 819
442 235 541 866
439 229 261 21
422 944 975 538
796 313 101 597
452 644 362 219
223 297 728 608
636 125 843 414
514 635 294 808
340 652 684 422
412 285 858 161
235 520 331 401
775 254 108 540
518 532 329 162
771 491 247 439
775 508 643 193
625 931 443 555
385 283 772 482
473 43 68 229
885 320 185 658
69 763 177 686
496 124 931 477
131 767 406 900
443 446 505 690
943 599 875 94
978 192 108 21
887 440 811 963
589 351 9 84
237 816 573 667
378 566 466 699
353 798 7 476
137 180 741 625
964 504 654 655
774 601 979 600
558 954 71 833
586 781 491 881
248 934 161 387
251 625 445 485
427 871 448 162
608 572 879 837
895 820 676 512
918 664 891 739
29 611 664 816
677 939 999 527
478 716 868 718
388 838 596 843
985 282 731 149
401 720 431 288
513 806 901 903
417 692 27 470
252 515 238 392
150 615 653 927
942 538 221 499
156 828 95 205
300 176 687 900
83 576 821 288
305 723 425 804
696 694 555 249
589 81 809 473
852 531 485 105
296 857 582 611
412 219 334 283
283 703 979 384
15 323 762 805
632 453 641 233
43 373 859 420
501 733 690 779
352 799 47 669
606 904 142 903
803 28 921 212
256 866 337 769
276 841 340 625
262 115 771 869
697 825 771 142
167 743 559 997
545 762 572 115
341 991 693 956
466 965 680 482
944 438 856 495
507 402 164 419
602 909 640 431
995 610 339 696
97 160 161 552
584 156 970 290
616 974 91 861
96 440 115 699
949 509 696 506
140 439 755 746
700 116 441 912
224 217 59 786
515 111 841 372
108 413 675 699
181 254 792 209
646 485 250 360
47 710 385 945
326 383 151 519
782 791 892 968
1 525 644 164
982 268 773 121
86 894 29 662
196 310 852 791
860 595 253 776
654 522 515 230
546 58 74 234
941 302 83 295
661 646 556 238
2 616 199 199
974 886 362 387
462 399 855 440
737 730 45 917
56 663 742 279
999 681 690 579
684 330 933 860
637 85 404 535
950 146 494 509
19 837 984 970
187 856 57 956
302 474 992 101
256 704 90 981
214 467 385 521
920 330 193 296
312 273 549 936
611 2 329 461
725 427 121 90
218 561 242 875
834 108 679 537
820 522 416 959
438 256 526 222
204 374 217 44
631 107 565 674
176 265 210 661
390 961 980 316
812 706 27 4
942 607 907 17
29 7 406 111
16 353 928 424
726 6 420 742
562 641 942 402
710 933 8 990
331 439 752 337
864 260 394 585
953 107 154 989
34 662 813 299
476 221 89 224
86 387 50 70
328 93 454 827
453 713 891 832
359 555 543 422
679 38 161 432
756 441 422 485
395 231 758 892
673 252 792 606
294 220 723 142
946 142 23 76
52 922 163 770
840 935 440 270
200 632 438 794
727 368 854 656
546 75 191 994
488 302 197 673
227 986 887 108
687 861 552 92
491 426 656 197
166 362 283 392
12 179 243 423
33 40 346 311
861 561 898 445
56 620 216 883
943 12 286 90
384 553 160 476
235 400 338 402
986 549 288 419
874 662 350 574
866 609 241 306
52 137 958 356
306 381 977 346
370 402 32 478
821 146 953 180
84 28 241 783
204 438 959 408
420 73 673 473
212 620 101 457
312 28 122 273
653 226 56 223
612 572 301 864
877 801 178 44
13 111 230 868
819 64 481 463
687 253 187 382
540 8 701 92
400 72 136 314
74 185 14 330
643 483 174 346
688 301 603 491
639 456 767 763
15 992 484 344
357 49 235 998
117 942 33 498
790 352 647 264
568 988 553 138
386 174 953 290
879 662 676 67
753 952 381 2
306 880 585 162
286 157 459 57
229 517 1 13
55 257 599 715
856 59 434 169
327 461 383 266
866 292 597 970
252 797 969 163
458 847 617 151
202 49 98 494
420 989 29 627
181 797 304 922
522 981 562 597
435 241 969 880
624 296 479 217
440 737 721 20
263 477 322 661
471 278 992 287
795 310 990 685
328 451 138 719
333 266 55 951
549 185 349 173
850 705 416 480
564 292 199 157
306 747 965 165
408 403 45 378
946 825 434 186
760 316 309 136
386 122 787 647
614 45 229 992
31 479 953 550
208 60 25 56
658 792 491 487
427 833 529 448
256 341 898 412
451 263 393 174
32 150 540 685
285 886 144 619
448 507 618 269
134 491 193 772
952 212 59 106
584 286 245 913
134 594 903 601
948 476 494 641
648 180 84 720
91 779 229 604
637 372 156 203
275 505 758 792
308 304 44 320
649 261 895 461
475 17 879 811
737 683 853 9
633 207 169 994
199 412 454 4
925 51 453 201
906 868 840 413
405 755 40 79
723 795 712 980
272 665 12 215
483 693 540 325
644 612 461 633
186 714 850 611
360 750 455 999
9 430 926 363
180 181 318 920
89 778 65 165
468 826 164 648
185 89 460 303
665 781 375 118
36 228 585 417
88 71 248 221
440 278 106 642
824 662 902 35
896 105 384 377
568 949 185 989
19 767 814 693
399 721 775 817
372 274 123 222
202 541 906 842
928 117 995 217
90 671 496 200
243 288 399 784
100 641 369 309
339 704 936 984
575 369 205 681
690 716 992 257
665 385 948 959
145 425 345 98
218 143 556 78
96 312 508 986
847 510 998 729
599 651 996 632
480 892 729 88
432 499 392 563
850 754 646 789
634 229 740 723
239 175 682 687
831 544 873 391
617 485 263 794
431 672 456 364
891 82 555 460
907 342 747 844
0 728 415 897
579 630 829 573
209 558 226 161
929 592 20 838
11 29 108 397
108 144 686 645
143 195 179 878
70 46 921 380
305 316 193 742
342 278 90 327
209 476 524 525
350 680 311 440
885 230 925 21
309 218 45 908
61 416 241 774
815 953 771 115
53 452 595 131
688 364 140 475
575 577 592 387
621 273 705 813
887 336 322 568
588 662 565 855
493 320 134 236
374 721 591 264
254 3 221 759
724 928 356 167
434 438 895 242
215 451 458 541
919 596 123 992
902 484 574 926
846 716 160 167
692 550 902 85
937 758 352 907
496 483 16 597
707 794 879 708
11 68 962 944
680 881 600 667
389 773 232 531
16 34 912 360
281 182 897 496
696 207 250 511
460 924 465 691
34 845 209 751
994 758 905 613
352 992 241 90
825 928 67 349
692 708 127 728
900 443 62 458
611 765 628 91
713 923 344 114
613 416 998 228
324 768 575 110
680 192 751 804
90 662 903 795
818 794 523 68
110 469 487 666
554 240 182 287
223 465 196 497
671 330 572 579
568 354 860 265
663 905 512 315
6 694 932 254
129 274 38 231
950 402 323 786
652 673 521 626
133 541 92 282
686 267 709 899
166 85 712 111
325 251 661 173
40 360 642 150
386 366 55 24
